55
55
55
55
55
55
55
d5
ff
ff
ff
ff
ff
ff
02
00
00
00
5a
01
08
00
45
00
00
70
00
01
40
00
40
11
78
ca
c0
a8
01
0a
ff
ff
ff
ff
17
76
17
76
00
5c
00
00
4b
35
41
44
01
03
1c
00
01
00
00
00
00
00
00
00
38
00
00
00
4e
35
87
e3
00
00
00
00
01
00
00
00
01
00
01
00
00
00
00
00
10
00
00
00
40
00
00
00
00
00
00
00
34
12
35
13
36
14
37
15
38
16
39
17
3a
18
3b
19
3c
1a
3d
1b
3e
1c
3f
1d
40
1e
41
1f
42
20
43
21
00
be
9a
ad
55
55
55
55
55
55
55
d5
ff
ff
ff
ff
ff
ff
02
00
00
00
5a
01
08
00
45
00
00
70
00
02
40
00
40
11
78
c9
c0
a8
01
0a
ff
ff
ff
ff
17
76
17
76
00
5c
00
00
4b
35
41
44
01
03
1c
00
02
00
00
00
00
00
00
00
38
00
00
00
74
6c
34
99
00
00
00
00
01
00
00
00
01
00
01
00
10
00
00
00
10
00
00
00
40
00
00
00
00
00
00
00
44
22
45
23
46
24
47
25
48
26
49
27
4a
28
4b
29
4c
2a
4d
2b
4e
2c
4f
2d
50
2e
51
2f
52
30
53
31
84
1d
c2
59
55
55
55
55
55
55
55
d5
ff
ff
ff
ff
ff
ff
02
00
00
00
5a
01
08
00
45
00
00
70
00
03
40
00
40
11
78
c8
c0
a8
01
0a
ff
ff
ff
ff
17
76
17
76
00
5c
00
00
4b
35
41
44
01
03
1c
00
03
00
00
00
00
00
00
00
38
00
00
00
22
d6
40
3f
00
00
00
00
01
00
00
00
01
00
01
00
20
00
00
00
10
00
00
00
40
00
00
00
00
00
00
00
54
32
55
33
56
34
57
35
58
36
59
37
5a
38
5b
39
5c
3a
5d
3b
5e
3c
5f
3d
60
3e
61
3f
62
40
63
41
f4
10
9e
6a
55
55
55
55
55
55
55
d5
ff
ff
ff
ff
ff
ff
02
00
00
00
5a
01
08
00
45
00
00
70
00
04
40
00
40
11
78
c7
c0
a8
01
0a
ff
ff
ff
ff
17
76
17
76
00
5c
00
00
4b
35
41
44
01
03
1c
00
04
00
00
00
00
00
00
00
38
00
00
00
23
6c
1d
c1
00
00
00
00
01
00
00
00
01
00
01
00
30
00
00
00
10
00
00
00
40
00
00
00
00
00
00
00
64
42
65
43
66
44
67
45
68
46
69
47
6a
48
6b
49
6c
4a
6d
4b
6e
4c
6f
4d
70
4e
71
4f
72
50
73
51
c0
e2
c7
98
